400,410,420 bands
-----------------
Gloss : 4854.710428476334, Dloss : 92.06008012949314
GMSE : 0.056109797854945534, DMSE : 0.06964104732051356
'lmd': 103.97672354551669
