bands : 680,690,700
Gloss : 4321.228133907399, Dloss : 66.00521587922766
GMSE : 0.0623813395771921, DMSE : 0.06821686289297782
{'lmd': 487.336062725157}