bands : 640,650,660
Gloss : 2345.788133907303, Dloss : 34.09521587922778
GMSE : 0.05363239409183687, DMSE : 0.046708700001002926
{'lmd': 441.236062725166}