bands : 670,680,690
Gloss : 7845.218133904301, Dloss : 27.09521587922777
GMSE : 0.05255972133098121, DMSE : 0.041573712200110795
{'lmd': 456.236062725111}