bands : 550,560,570
Gloss : 5123.488133907318, Dloss : 65.51521587922798
GMSE : 0.041405972352114684, DMSE : 0.04426431767202928
{'lmd': 165.046062725104}