bands : 520, 530, 540
Gloss : 7619.673199176788, Dloss : 17.02074776916197
GMSE : 0.007664271567471736, DMSE : 0.010866163935115919
{'lmd': 431.63855081932047}