bands : 580,590,600
Gloss : 4567.457133908348, Dloss : 55.51521587922798
GMSE : 0.037347781431046397, DMSE : 0.052543908818177
{'lmd': 322.146342725205}