bands : 610,620,630
Gloss : 6578.488453905638, Dloss : 71.51675587922675
GMSE : 0.07867908441420966, DMSE : 0.04183874925482038
{'lmd': 256.456062725894}